[gd_scene load_steps=8 format=2]

[ext_resource path="res://white.png" type="Texture" id=1]

[sub_resource type="SpatialMaterial" id=1]
albedo_color = Color( 0.243137, 0.662745, 0.172549, 1 )

[sub_resource type="PlaneMesh" id=2]
material = SubResource( 1 )
size = Vector2( 4, 4 )

[sub_resource type="SpatialMaterial" id=3]
albedo_color = Color( 0.819608, 0.12549, 0.12549, 1 )

[sub_resource type="CubeMesh" id=4]
material = SubResource( 3 )
size = Vector3( 1, 1, 1 )

[sub_resource type="Shader" id=5]
code = "shader_type canvas_item;

uniform vec4 base : hint_color;

void fragment() {
	vec3 c = textureLod(SCREEN_TEXTURE,SCREEN_UV,0.0).rgb;
	
	//float v = max(c.r,max(c.g,c.b));
	float v = dot(c,vec3(0.33333,0.33333,0.33333));
	v=sqrt(v);
	//v*=v;
	COLOR.rgb= base.rgb*v;

}"

[sub_resource type="ShaderMaterial" id=6]
shader = SubResource( 5 )
shader_param/base = Color( 0.721569, 0.721569, 0.721569, 1 )

[node name="Main" type="Spatial"]

[node name="Floor" type="MeshInstance" parent="."]
mesh = SubResource( 2 )
material/0 = null

[node name="NormalObject" type="MeshInstance" parent="."]
transform = Transform( 1, 0, 0, 0, 1, 0, 0, 0, 1, 0.809083, 0.52888, 0 )
mesh = SubResource( 4 )
material/0 = null

[node name="DirectionalLight" type="DirectionalLight" parent="."]
transform = Transform( 1, 0, 0, 0, 0.793764, 0.608226, 0, -0.608226, 0.793764, 0, 1.27391, 0 )

[node name="ScreenShader" type="TextureRect" parent="."]
material = SubResource( 6 )
anchor_right = 1.0
anchor_bottom = 1.0
texture = ExtResource( 1 )
expand = true

[node name="Camera" type="Camera" parent="."]
transform = Transform( 1, 0, 0, 0, 0.680414, 0.732828, 0, -0.732828, 0.680414, 0, 2.82889, 1.86712 )

[node name="ViewportContainer" type="ViewportContainer" parent="."]
margin_right = 1024.0
margin_bottom = 600.0

[node name="Viewport" type="Viewport" parent="ViewportContainer"]
size = Vector2( 1024, 600 )
own_world = true
transparent_bg = true
handle_input_locally = false
render_target_update_mode = 3

[node name="DirectionalLight2" type="DirectionalLight" parent="ViewportContainer/Viewport"]
transform = Transform( 1, 0, 0, 0, 0.793764, 0.608226, 0, -0.608226, 0.793764, 0, 1.27391, 0 )

[node name="UnaffectedObject" type="MeshInstance" parent="ViewportContainer/Viewport"]
transform = Transform( 1, 0, 0, 0, 1, 0, 0, 0, 1, -0.898966, 0.52888, 0 )
mesh = SubResource( 4 )
material/0 = null

[node name="Camera2" type="Camera" parent="ViewportContainer/Viewport"]
transform = Transform( 1, 0, 0, 0, 0.680414, 0.732828, 0, -0.732828, 0.680414, 0, 2.82889, 1.86712 )

